3ºÅ°üÏá
\u0033\u53f7\u5305\u53a2

00 01 01 FF FF 00 33 53 f7 53 05 53 a2 01 14 04 0F 00 00 00 00



01 01 0B 00 

01 FF 04 00 33 53 F7 53 05 53 A2 01 66 17 
01 FF 01 00 33 53 F7 53 05 53 A2 01 66 17 
01 FF 02 00 33 53 F7 53 05 53 A2 01 66 17 
01 FF 03 00 33 53 F7 53 05 53 A2 01 66 17 
01 FF 04 00 33 53 F7 53 05 53 A2 01 66 17 
01 FF 01 00 33 53 F7 53 05 53 A2 01 66 17 
01 FF 02 00 33 53 F7 53 05 53 A2 01 66 17 
01 FF 03 00 33 53 F7 53 05 53 A2 01 66 17 
01 FF 04 00 33 53 F7 53 05 53 A2 01 66 17 



